# 0.3800 0.4700
# 0.4700 0.5600
   3800.907  2.1754e-11  8.2735e-13         1.0      104.96
   3802.903  2.4297e-11  8.2735e-13         1.0      104.90
   3804.900  2.7973e-11  8.2735e-13         1.0      104.85
   3806.896  2.5750e-11  8.2735e-13         1.0      104.79
   3808.893  2.8319e-11  8.2735e-13         1.0      104.74
   3810.889  2.7742e-11  8.2735e-13         1.0      104.68
   3812.886  2.7619e-11  8.2735e-13         1.0      104.62
   3814.882  2.4790e-11  8.2735e-13         1.0      104.57
   3816.879  2.4827e-11  8.2735e-13         1.0      104.51
   3818.875  2.2828e-11  8.2735e-13         1.0      104.46
   3820.872  2.1381e-11  8.2735e-13         1.0      104.40
   3822.868  2.1257e-11  8.2735e-13         1.0      104.35
   3824.865  2.1496e-11  8.2735e-13         1.0      104.29
   3826.861  1.8379e-11  8.2735e-13         1.0      104.24
   3828.858  1.9088e-11  8.2735e-13         1.0      104.19
   3830.854  1.8191e-11  8.2735e-13         1.0      104.13
   3832.851  1.5917e-11  8.2735e-13         1.0      104.08
   3834.847  1.5682e-11  8.2735e-13         1.0      104.02
   3836.844  1.5853e-11  8.2735e-13         1.0      103.97
   3838.840  1.7864e-11  8.2735e-13         1.0      103.91
   3840.836  1.8605e-11  8.2735e-13         1.0      103.86
   3842.833  2.1882e-11  8.2735e-13         1.0      103.80
   3844.829  2.5330e-11  8.2735e-13         1.0      103.75
   3846.826  2.7110e-11  8.2735e-13         1.0      103.70
   3848.822  2.7191e-11  8.2735e-13         1.0      103.64
   3850.819  2.7229e-11  8.2735e-13         1.0      103.59
   3852.815  2.7183e-11  8.2735e-13         1.0      103.53
   3854.812  2.6465e-11  8.2735e-13         1.0      103.48
   3856.808  2.6991e-11  8.2735e-13         1.0      103.43
   3858.805  2.6937e-11  8.2735e-13         1.0      103.37
   3860.801  2.7356e-11  8.2735e-13         1.0      103.32
   3862.797  2.6956e-11  8.2735e-13         1.0      103.26
   3864.794  2.9761e-11  8.2735e-13         1.0      103.21
   3866.790  2.9766e-11  8.2735e-13         1.0      103.16
   3868.787  2.9535e-11  8.2735e-13         1.0      103.10
   3870.783  2.8545e-11  8.2735e-13         1.0      103.05
   3872.780  2.9152e-11  8.2735e-13         1.0      103.00
   3874.776  2.7440e-11  8.2735e-13         1.0      102.94
   3876.772  2.8872e-11  8.2735e-13         1.0      102.89
   3878.769  2.6566e-11  8.2735e-13         1.0      102.84
   3880.765  2.7092e-11  8.2735e-13         1.0      102.78
   3882.762  2.7288e-11  8.2735e-13         1.0      102.73
   3884.758  2.6821e-11  8.2735e-13         1.0      102.68
   3886.754  2.5901e-11  8.2735e-13         1.0      102.62
   3888.751  2.4759e-11  8.2735e-13         1.0      102.57
   3890.747  2.4025e-11  8.2735e-13         1.0      102.52
   3892.744  2.8174e-11  8.2735e-13         1.0      102.46
   3894.740  2.9695e-11  8.2735e-13         1.0      102.41
   3896.736  3.1716e-11  8.2735e-13         1.0      102.36
   3898.733  3.2516e-11  8.2735e-13         1.0      102.31
   3900.729  3.1426e-11  8.2735e-13         1.0      102.25
   3902.765  3.1201e-11  8.2735e-13         1.0      102.20
   3904.762  3.1703e-11  8.2735e-13         1.0      102.15
   3906.758  3.2347e-11  8.2735e-13         1.0      102.09
   3908.755  3.3491e-11  8.2735e-13         1.0      102.04
   3910.751  3.6533e-11  8.2735e-13         1.0      101.99
   3912.747  3.4683e-11  8.2735e-13         1.0      101.94
   3914.744  3.5449e-11  8.2735e-13         1.0      101.88
   3916.740  3.3307e-11  8.2735e-13         1.0      101.83
   3918.736  3.1592e-11  8.2735e-13         1.0      101.78
   3920.733  3.1390e-11  8.2735e-13         1.0      101.73
   3922.729  2.8874e-11  8.2735e-13         1.0      101.68
   3924.725  3.0188e-11  8.2735e-13         1.0      101.62
   3926.722  2.5465e-11  8.2735e-13         1.0      101.57
   3928.718  2.1453e-11  8.2735e-13         1.0      101.52
   3930.714  1.7458e-11  8.2735e-13         1.0      101.47
   3932.711  1.4312e-11  8.2735e-13         1.0      101.42
   3934.707  1.1228e-11  8.2735e-13         1.0      101.36
   3936.703  1.3952e-11  8.2735e-13         1.0      101.31
   3938.700  1.7594e-11  8.2735e-13         1.0      101.26
   3940.696  1.9891e-11  8.2735e-13         1.0      101.21
   3942.692  2.3404e-11  8.2735e-13         1.0      101.16
   3944.689  2.5657e-11  8.2735e-13         1.0      101.10
   3946.685  2.8666e-11  8.2735e-13         1.0      101.05
   3948.681  3.0013e-11  8.2735e-13         1.0      101.00
   3950.677  3.1941e-11  8.2735e-13         1.0      100.95
   3952.674  3.2016e-11  8.2735e-13         1.0      100.90
   3954.670  3.2210e-11  8.2735e-13         1.0      100.85
   3956.666  3.1297e-11  8.2735e-13         1.0      100.80
   3958.663  3.0678e-11  8.2735e-13         1.0      100.75
   3960.659  2.8853e-11  8.2735e-13         1.0      100.69
   3962.655  2.4269e-11  8.2735e-13         1.0      100.64
   3964.651  2.0275e-11  8.2735e-13         1.0      100.59
   3966.648  1.5716e-11  8.2735e-13         1.0      100.54
   3968.644  1.2314e-11  8.2735e-13         1.0      100.49
   3970.640  1.2131e-11  8.2735e-13         1.0      100.44
   3972.636  1.5598e-11  8.2735e-13         1.0      100.39
   3974.633  1.8821e-11  8.2735e-13         1.0      100.34
   3976.629  2.3090e-11  8.2735e-13         1.0      100.29
   3978.625  2.9094e-11  8.2735e-13         1.0      100.24
   3980.621  3.1174e-11  8.2735e-13         1.0      100.19
   3982.618  3.1859e-11  8.2735e-13         1.0      100.14
   3984.614  3.2901e-11  8.2735e-13         1.0      100.08
   3986.610  3.3879e-11  8.2735e-13         1.0      100.03
   3988.606  3.4279e-11  8.2735e-13         1.0       99.98
   3990.603  3.6049e-11  8.2735e-13         1.0       99.93
   3992.599  3.5730e-11  8.2735e-13         1.0       99.88
   3994.595  3.6145e-11  8.2735e-13         1.0       99.83
   3996.591  3.3798e-11  8.2735e-13         1.0       99.78
   3998.587  3.4891e-11  8.2735e-13         1.0       99.73
   4000.584  3.6677e-11  8.2735e-13         1.0       99.68
   4002.580  3.5399e-11  8.2735e-13         1.0       99.63
   4004.576  3.5857e-11  8.2735e-13         1.0       99.58
   4006.572  3.5218e-11  8.2735e-13         1.0       99.53
   4008.568  3.5894e-11  8.2735e-13         1.0       99.48
   4010.565  3.5889e-11  8.2735e-13         1.0       99.43
   4012.561  3.6760e-11  8.2735e-13         1.0       99.38
   4014.557  3.6603e-11  8.2735e-13         1.0       99.33
   4016.553  3.7738e-11  8.2735e-13         1.0       99.28
   4018.549  3.5800e-11  8.2735e-13         1.0       99.23
   4020.546  3.7312e-11  8.2735e-13         1.0       99.18
   4022.542  3.9156e-11  8.2735e-13         1.0       99.13
   4024.538  3.7587e-11  8.2735e-13         1.0       99.08
   4026.534  3.8140e-11  8.2735e-13         1.0       99.03
   4028.530  3.4797e-11  8.2735e-13         1.0       98.99
   4030.526  3.4237e-11  8.2735e-13         1.0       98.94
   4032.523  3.3096e-11  8.2735e-13         1.0       98.89
   4034.559  3.4167e-11  8.2735e-13         1.0       98.84
   4036.555  3.2883e-11  8.2735e-13         1.0       98.79
   4038.551  3.6287e-11  8.2735e-13         1.0       98.74
   4040.547  3.6420e-11  8.2735e-13         1.0       98.69
   4042.543  3.5722e-11  8.2735e-13         1.0       98.64
   4044.539  3.3441e-11  8.2735e-13         1.0       98.59
   4046.536  3.2506e-11  8.2735e-13         1.0       98.54
   4048.532  3.3125e-11  8.2735e-13         1.0       98.49
   4050.528  3.3418e-11  8.2735e-13         1.0       98.44
   4052.524  3.6459e-11  8.2735e-13         1.0       98.39
   4054.520  3.4443e-11  8.2735e-13         1.0       98.35
   4056.516  3.4028e-11  8.2735e-13         1.0       98.30
   4058.512  3.2993e-11  8.2735e-13         1.0       98.25
   4060.508  3.1893e-11  8.2735e-13         1.0       98.20
   4062.504  3.3454e-11  8.2735e-13         1.0       98.15
   4064.501  3.2437e-11  8.2735e-13         1.0       98.10
   4066.497  3.2395e-11  8.2735e-13         1.0       98.05
   4068.493  3.2517e-11  8.2735e-13         1.0       98.01
   4070.489  3.4478e-11  8.2735e-13         1.0       97.96
   4072.485  3.4614e-11  8.2735e-13         1.0       97.91
   4074.481  3.1928e-11  8.2735e-13         1.0       97.86
   4076.477  3.1902e-11  8.2735e-13         1.0       97.81
   4078.473  3.1116e-11  8.2735e-13         1.0       97.76
   4080.469  3.3038e-11  8.2735e-13         1.0       97.72
   4082.465  3.4181e-11  8.2735e-13         1.0       97.67
   4084.461  3.4093e-11  8.2735e-13         1.0       97.62
   4086.457  3.6326e-11  8.2735e-13         1.0       97.57
   4088.453  3.6589e-11  8.2735e-13         1.0       97.52
   4090.449  3.6280e-11  8.2735e-13         1.0       97.48
   4092.445  3.5339e-11  8.2735e-13         1.0       97.43
   4094.441  3.3138e-11  8.2735e-13         1.0       97.38
   4096.438  3.2216e-11  8.2735e-13         1.0       97.33
   4098.434  2.9010e-11  8.2735e-13         1.0       97.28
   4100.430  2.7398e-11  8.2735e-13         1.0       97.24
   4102.426  2.6960e-11  8.2735e-13         1.0       97.19
   4104.422  2.5791e-11  8.2735e-13         1.0       97.14
   4106.418  2.9790e-11  8.2735e-13         1.0       97.09
   4108.414  3.1047e-11  8.2735e-13         1.0       97.05
   4110.410  3.0536e-11  8.2735e-13         1.0       97.00
   4112.406  3.3168e-11  8.2735e-13         1.0       96.95
   4114.402  3.4214e-11  8.2735e-13         1.0       96.90
   4116.398  3.4740e-11  8.2735e-13         1.0       96.86
   4118.394  3.4369e-11  8.2735e-13         1.0       96.81
   4120.390  3.3879e-11  8.2735e-13         1.0       96.76
   4122.386  3.4742e-11  8.2735e-13         1.0       96.71
   4124.382  3.5891e-11  8.2735e-13         1.0       96.67
   4126.378  3.4811e-11  8.2735e-13         1.0       96.62
   4128.373  3.5144e-11  8.2735e-13         1.0       96.57
   4130.369  3.4540e-11  8.2735e-13         1.0       96.53
   4132.365  3.3198e-11  8.2735e-13         1.0       96.48
   4134.361  3.5075e-11  8.2735e-13         1.0       96.43
   4136.357  3.5113e-11  8.2735e-13         1.0       96.38
   4138.353  3.5940e-11  8.2735e-13         1.0       96.34
   4140.349  3.6508e-11  8.2735e-13         1.0       96.29
   4142.345  3.7541e-11  8.2735e-13         1.0       96.24
   4144.341  3.6056e-11  8.2735e-13         1.0       96.20
   4146.337  3.4518e-11  8.2735e-13         1.0       96.15
   4148.333  3.6138e-11  8.2735e-13         1.0       96.10
   4150.329  3.4093e-11  8.2735e-13         1.0       96.06
   4152.325  3.5830e-11  8.2735e-13         1.0       96.01
   4154.321  3.2860e-11  8.2735e-13         1.0       95.96
   4156.317  3.4101e-11  8.2735e-13         1.0       95.92
   4158.313  3.4477e-11  8.2735e-13         1.0       95.87
   4160.308  3.5849e-11  8.2735e-13         1.0       95.83
   4162.304  3.6301e-11  8.2735e-13         1.0       95.78
   4164.300  3.6811e-11  8.2735e-13         1.0       95.73
   4166.296  3.7001e-11  8.2735e-13         1.0       95.69
   4168.292  3.6385e-11  8.2735e-13         1.0       95.64
   4170.288  3.4933e-11  8.2735e-13         1.0       95.59
   4172.284  3.5826e-11  8.2735e-13         1.0       95.55
   4174.280  3.4187e-11  8.2735e-13         1.0       95.50
   4176.275  3.4019e-11  8.2735e-13         1.0       95.46
   4178.271  3.4600e-11  8.2735e-13         1.0       95.41
   4180.267  3.5964e-11  8.2735e-13         1.0       95.36
   4182.263  3.6201e-11  8.2735e-13         1.0       95.32
   4184.259  3.7189e-11  8.2735e-13         1.0       95.27
   4186.255  3.5143e-11  8.2735e-13         1.0       95.23
   4188.251  3.7928e-11  8.2735e-13         1.0       95.18
   4190.246  3.8367e-11  8.2735e-13         1.0       95.13
   4192.242  3.9157e-11  8.2735e-13         1.0       95.09
   4194.238  3.7615e-11  8.2735e-13         1.0       95.04
   4196.234  3.5703e-11  8.2735e-13         1.0       95.00
   4198.230  3.5653e-11  8.2735e-13         1.0       94.95
   4200.226  3.5413e-11  8.2735e-13         1.0       94.91
   4202.221  3.5129e-11  8.2735e-13         1.0       94.86
   4204.217  3.5130e-11  8.2735e-13         1.0       94.82
   4206.213  3.7196e-11  8.2735e-13         1.0       94.77
   4208.209  3.8464e-11  8.2735e-13         1.0       94.73
   4210.205  3.8550e-11  8.2735e-13         1.0       94.68
   4212.200  3.8785e-11  8.2735e-13         1.0       94.63
   4214.196  3.8165e-11  8.2735e-13         1.0       94.59
   4216.192  3.6350e-11  8.2735e-13         1.0       94.54
   4218.188  3.9523e-11  8.2735e-13         1.0       94.50
   4220.184  3.9112e-11  8.2735e-13         1.0       94.45
   4222.179  3.8134e-11  8.2735e-13         1.0       94.41
   4224.175  3.4526e-11  8.2735e-13         1.0       94.36
   4226.171  3.2574e-11  8.2735e-13         1.0       94.32
   4228.167  3.2751e-11  8.2735e-13         1.0       94.27
   4230.203  3.3740e-11  8.2735e-13         1.0       94.23
   4232.199  3.5873e-11  8.2735e-13         1.0       94.18
   4234.194  3.8209e-11  8.2735e-13         1.0       94.14
   4236.190  3.7707e-11  8.2735e-13         1.0       94.09
   4238.186  3.8245e-11  8.2735e-13         1.0       94.05
   4240.181  3.8201e-11  8.2735e-13         1.0       94.00
   4242.177  3.8526e-11  8.2735e-13         1.0       93.96
   4244.173  3.8361e-11  8.2735e-13         1.0       93.92
   4246.169  4.1005e-11  8.2735e-13         1.0       93.87
   4248.164  3.6883e-11  8.2735e-13         1.0       93.83
   4250.160  3.8602e-11  8.2735e-13         1.0       93.78
   4252.156  3.7478e-11  8.2735e-13         1.0       93.74
   4254.152  3.6677e-11  8.2735e-13         1.0       93.69
   4256.147  3.7107e-11  8.2735e-13         1.0       93.65
   4258.143  3.6293e-11  8.2735e-13         1.0       93.60
   4260.139  3.6394e-11  8.2735e-13         1.0       93.56
   4262.134  3.9248e-11  8.2735e-13         1.0       93.52
   4264.130  3.8872e-11  8.2735e-13         1.0       93.47
   4266.126  4.0846e-11  8.2735e-13         1.0       93.43
   4268.121  3.8916e-11  8.2735e-13         1.0       93.38
   4270.117  3.8066e-11  8.2735e-13         1.0       93.34
   4272.113  3.4997e-11  8.2735e-13         1.0       93.30
   4274.108  3.4038e-11  8.2735e-13         1.0       93.25
   4276.104  3.5024e-11  8.2735e-13         1.0       93.21
   4278.100  3.6731e-11  8.2735e-13         1.0       93.16
   4280.095  3.7090e-11  8.2735e-13         1.0       93.12
   4282.091  3.6593e-11  8.2735e-13         1.0       93.08
   4284.087  3.7288e-11  8.2735e-13         1.0       93.03
   4286.082  3.5035e-11  8.2735e-13         1.0       92.99
   4288.078  3.5047e-11  8.2735e-13         1.0       92.95
   4290.073  3.3902e-11  8.2735e-13         1.0       92.90
   4292.069  3.3080e-11  8.2735e-13         1.0       92.86
   4294.065  3.3530e-11  8.2735e-13         1.0       92.81
   4296.060  3.2296e-11  8.2735e-13         1.0       92.77
   4298.056  3.2022e-11  8.2735e-13         1.0       92.73
   4300.051  2.9281e-11  8.2735e-13         1.0       92.68
   4302.047  2.8107e-11  8.2735e-13         1.0       92.64
   4304.043  2.8884e-11  8.2735e-13         1.0       92.60
   4306.038  2.7965e-11  8.2735e-13         1.0       92.55
   4308.034  2.6986e-11  8.2735e-13         1.0       92.51
   4310.029  2.8209e-11  8.2735e-13         1.0       92.47
   4312.025  2.8741e-11  8.2735e-13         1.0       92.42
   4314.021  3.1702e-11  8.2735e-13         1.0       92.38
   4316.016  3.6088e-11  8.2735e-13         1.0       92.34
   4318.012  3.8746e-11  8.2735e-13         1.0       92.30
   4320.007  3.9918e-11  8.2735e-13         1.0       92.25
   4322.003  3.8448e-11  8.2735e-13         1.0       92.21
   4323.998  3.5518e-11  8.2735e-13         1.0       92.17
   4325.994  3.5383e-11  8.2735e-13         1.0       92.12
   4327.989  3.3729e-11  8.2735e-13         1.0       92.08
   4329.985  3.6639e-11  8.2735e-13         1.0       92.04
   4331.980  3.6922e-11  8.2735e-13         1.0       92.00
   4333.976  3.9273e-11  8.2735e-13         1.0       91.95
   4335.972  3.5353e-11  8.2735e-13         1.0       91.91
   4337.967  3.2899e-11  8.2735e-13         1.0       91.87
   4339.963  2.9725e-11  8.2735e-13         1.0       91.82
   4341.958  2.8643e-11  8.2735e-13         1.0       91.78
   4343.954  3.0063e-11  8.2735e-13         1.0       91.74
   4345.949  3.3427e-11  8.2735e-13         1.0       91.70
   4347.945  3.5241e-11  8.2735e-13         1.0       91.65
   4349.940  3.6536e-11  8.2735e-13         1.0       91.61
   4351.936  3.5690e-11  8.2735e-13         1.0       91.57
   4353.931  3.5597e-11  8.2735e-13         1.0       91.53
   4355.926  3.5170e-11  8.2735e-13         1.0       91.48
   4357.922  3.5497e-11  8.2735e-13         1.0       91.44
   4359.917  3.6844e-11  8.2735e-13         1.0       91.40
   4361.913  3.6135e-11  8.2735e-13         1.0       91.36
   4363.908  3.8115e-11  8.2735e-13         1.0       91.32
   4365.904  3.8509e-11  8.2735e-13         1.0       91.27
   4367.899  3.8146e-11  8.2735e-13         1.0       91.23
   4369.895  3.4905e-11  8.2735e-13         1.0       91.19
   4371.890  3.6799e-11  8.2735e-13         1.0       91.15
   4373.885  3.5288e-11  8.2735e-13         1.0       91.11
   4375.881  3.5951e-11  8.2735e-13         1.0       91.06
   4377.876  3.4395e-11  8.2735e-13         1.0       91.02
   4379.872  3.5131e-11  8.2735e-13         1.0       90.98
   4381.867  3.4566e-11  8.2735e-13         1.0       90.94
   4383.863  3.2708e-11  8.2735e-13         1.0       90.90
   4385.858  3.0300e-11  8.2735e-13         1.0       90.85
   4387.853  3.1876e-11  8.2735e-13         1.0       90.81
   4389.849  3.3787e-11  8.2735e-13         1.0       90.77
   4391.844  3.1644e-11  8.2735e-13         1.0       90.73
   4393.840  3.5543e-11  8.2735e-13         1.0       90.69
   4395.835  3.4733e-11  8.2735e-13         1.0       90.65
   4397.830  3.4528e-11  8.2735e-13         1.0       90.60
   4399.866  3.6841e-11  8.2735e-13         1.0       90.56
   4401.862  3.4610e-11  8.2735e-13         1.0       90.52
   4403.857  3.4745e-11  8.2735e-13         1.0       90.48
   4405.852  3.2857e-11  8.2735e-13         1.0       90.44
   4407.848  3.3295e-11  8.2735e-13         1.0       90.40
   4409.843  3.5002e-11  8.2735e-13         1.0       90.36
   4411.838  3.6130e-11  8.2735e-13         1.0       90.31
   4413.834  3.6086e-11  8.2735e-13         1.0       90.27
   4415.829  3.6392e-11  8.2735e-13         1.0       90.23
   4417.824  3.5660e-11  8.2735e-13         1.0       90.19
   4419.820  3.6799e-11  8.2735e-13         1.0       90.15
   4421.815  3.5750e-11  8.2735e-13         1.0       90.11
   4423.810  3.5058e-11  8.2735e-13         1.0       90.07
   4425.806  3.6704e-11  8.2735e-13         1.0       90.03
   4427.801  3.7421e-11  8.2735e-13         1.0       89.99
   4429.796  3.6899e-11  8.2735e-13         1.0       89.94
   4431.791  3.6773e-11  8.2735e-13         1.0       89.90
   4433.787  3.6264e-11  8.2735e-13         1.0       89.86
   4435.782  3.5975e-11  8.2735e-13         1.0       89.82
   4437.777  3.7080e-11  8.2735e-13         1.0       89.78
   4439.773  3.4993e-11  8.2735e-13         1.0       89.74
   4441.768  3.6159e-11  8.2735e-13         1.0       89.70
   4443.763  3.6830e-11  8.2735e-13         1.0       89.66
   4445.758  3.7069e-11  8.2735e-13         1.0       89.62
   4447.754  3.8030e-11  8.2735e-13         1.0       89.58
   4449.749  3.7104e-11  8.2735e-13         1.0       89.54
   4451.744  3.8140e-11  8.2735e-13         1.0       89.50
   4453.739  3.7120e-11  8.2735e-13         1.0       89.46
   4455.735  3.4789e-11  8.2735e-13         1.0       89.42
   4457.730  3.3044e-11  8.2735e-13         1.0       89.38
   4459.725  3.3444e-11  8.2735e-13         1.0       89.34
   4461.720  3.3870e-11  8.2735e-13         1.0       89.29
   4463.715  3.5833e-11  8.2735e-13         1.0       89.25
   4465.711  3.5545e-11  8.2735e-13         1.0       89.21
   4467.706  3.7498e-11  8.2735e-13         1.0       89.17
   4469.701  3.7216e-11  8.2735e-13         1.0       89.13
   4471.696  3.6702e-11  8.2735e-13         1.0       89.09
   4473.691  3.8649e-11  8.2735e-13         1.0       89.05
   4475.687  4.0601e-11  8.2735e-13         1.0       89.01
   4477.682  3.9477e-11  8.2735e-13         1.0       88.97
   4479.677  3.9044e-11  8.2735e-13         1.0       88.93
   4481.672  3.9167e-11  8.2735e-13         1.0       88.89
   4483.667  3.8182e-11  8.2735e-13         1.0       88.85
   4485.662  3.8999e-11  8.2735e-13         1.0       88.81
   4487.658  3.9049e-11  8.2735e-13         1.0       88.77
   4489.653  3.9113e-11  8.2735e-13         1.0       88.73
   4491.648  3.8621e-11  8.2735e-13         1.0       88.69
   4493.643  3.8937e-11  8.2735e-13         1.0       88.65
   4495.638  3.7624e-11  8.2735e-13         1.0       88.61
   4497.633  3.9771e-11  8.2735e-13         1.0       88.57
   4499.628  3.9652e-11  8.2735e-13         1.0       88.53
   4501.623  4.0469e-11  8.2735e-13         1.0       88.50
   4503.619  3.9932e-11  8.2735e-13         1.0       88.46
   4505.614  4.2054e-11  8.2735e-13         1.0       88.42
   4507.609  4.2616e-11  8.2735e-13         1.0       88.38
   4509.604  4.1467e-11  8.2735e-13         1.0       88.34
   4511.599  4.1452e-11  8.2735e-13         1.0       88.30
   4513.594  4.0475e-11  8.2735e-13         1.0       88.26
   4515.589  3.9925e-11  8.2735e-13         1.0       88.22
   4517.584  4.0192e-11  8.2735e-13         1.0       88.18
   4519.579  3.9972e-11  8.2735e-13         1.0       88.14
   4521.574  3.8832e-11  8.2735e-13         1.0       88.10
   4523.569  3.9732e-11  8.2735e-13         1.0       88.06
   4525.564  3.9021e-11  8.2735e-13         1.0       88.02
   4527.559  3.5759e-11  8.2735e-13         1.0       87.98
   4529.554  3.4528e-11  8.2735e-13         1.0       87.94
   4531.550  3.5607e-11  8.2735e-13         1.0       87.90
   4533.545  3.5783e-11  8.2735e-13         1.0       87.87
   4535.540  3.6368e-11  8.2735e-13         1.0       87.83
   4537.535  3.7326e-11  8.2735e-13         1.0       87.79
   4539.530  3.7247e-11  8.2735e-13         1.0       87.75
   4541.525  3.7096e-11  8.2735e-13         1.0       87.71
   4543.520  4.0627e-11  8.2735e-13         1.0       87.67
   4545.515  3.7607e-11  8.2735e-13         1.0       87.63
   4547.510  3.7526e-11  8.2735e-13         1.0       87.59
   4549.505  3.7595e-11  8.2735e-13         1.0       87.55
   4551.500  3.6043e-11  8.2735e-13         1.0       87.52
   4553.495  3.6006e-11  8.2735e-13         1.0       87.48
   4555.489  3.7487e-11  8.2735e-13         1.0       87.44
   4557.484  3.6817e-11  8.2735e-13         1.0       87.40
   4559.479  3.8587e-11  8.2735e-13         1.0       87.36
   4561.474  3.9265e-11  8.2735e-13         1.0       87.32
   4563.469  3.8966e-11  8.2735e-13         1.0       87.28
   4565.464  3.7645e-11  8.2735e-13         1.0       87.25
   4567.459  3.7887e-11  8.2735e-13         1.0       87.21
   4569.454  3.9992e-11  8.2735e-13         1.0       87.17
   4571.449  3.8953e-11  8.2735e-13         1.0       87.13
   4573.444  3.9227e-11  8.2735e-13         1.0       87.09
   4575.439  3.9360e-11  8.2735e-13         1.0       87.05
   4577.434  4.1018e-11  8.2735e-13         1.0       87.01
   4579.429  3.6692e-11  8.2735e-13         1.0       86.98
   4581.424  3.6904e-11  8.2735e-13         1.0       86.94
   4583.419  3.6847e-11  8.2735e-13         1.0       86.90
   4585.413  3.6902e-11  8.2735e-13         1.0       86.86
   4587.408  3.7834e-11  8.2735e-13         1.0       86.82
   4589.403  3.7026e-11  8.2735e-13         1.0       86.79
   4591.398  3.9923e-11  8.2735e-13         1.0       86.75
   4593.393  3.9523e-11  8.2735e-13         1.0       86.71
   4595.388  3.7680e-11  8.2735e-13         1.0       86.67
   4597.383  3.8351e-11  8.2735e-13         1.0       86.63
   4599.377  3.8760e-11  8.2735e-13         1.0       86.59
   4601.372  4.0119e-11  8.2735e-13         1.0       86.56
   4603.367  3.8717e-11  8.2735e-13         1.0       86.52
   4605.362  3.9266e-11  8.2735e-13         1.0       86.48
   4607.357  4.1170e-11  8.2735e-13         1.0       86.44
   4609.352  3.9822e-11  8.2735e-13         1.0       86.41
   4611.346  4.0926e-11  8.2735e-13         1.0       86.37
   4613.341  3.9398e-11  8.2735e-13         1.0       86.33
   4615.336  4.1224e-11  8.2735e-13         1.0       86.29
   4617.331  4.0444e-11  8.2735e-13         1.0       86.25
   4619.326  4.0363e-11  8.2735e-13         1.0       86.22
   4621.320  4.1155e-11  8.2735e-13         1.0       86.18
   4623.315  4.1722e-11  8.2735e-13         1.0       86.14
   4625.310  4.0370e-11  8.2735e-13         1.0       86.10
   4627.305  4.0798e-11  8.2735e-13         1.0       86.07
   4629.300  3.9601e-11  8.2735e-13         1.0       86.03
   4631.294  3.9730e-11  8.2735e-13         1.0       85.99
   4633.289  4.0318e-11  8.2735e-13         1.0       85.95
   4635.284  3.9167e-11  8.2735e-13         1.0       85.92
   4637.279  3.9782e-11  8.2735e-13         1.0       85.88
   4639.273  3.9315e-11  8.2735e-13         1.0       85.84
   4641.268  3.8554e-11  8.2735e-13         1.0       85.80
   4643.263  3.8436e-11  8.2735e-13         1.0       85.77
   4645.258  3.8948e-11  8.2735e-13         1.0       85.73
   4647.252  3.7345e-11  8.2735e-13         1.0       85.69
   4649.247  3.7960e-11  8.2735e-13         1.0       85.66
   4651.242  3.7443e-11  8.2735e-13         1.0       85.62
   4653.236  3.9953e-11  8.2735e-13         1.0       85.58
   4655.231  3.8851e-11  8.2735e-13         1.0       85.54
   4657.267  4.0718e-11  8.2735e-13         1.0       85.51
   4659.261  4.0073e-11  8.2735e-13         1.0       85.47
   4661.256  4.0956e-11  8.2735e-13         1.0       85.43
   4663.251  4.0072e-11  8.2735e-13         1.0       85.40
   4665.245  3.8312e-11  8.2735e-13         1.0       85.36
   4667.240  3.7424e-11  8.2735e-13         1.0       85.32
   4669.235  3.7609e-11  8.2735e-13         1.0       85.29
   4671.229  3.8246e-11  8.2735e-13         1.0       85.25
   4673.224  3.9035e-11  8.2735e-13         1.0       85.21
   4675.219  3.9521e-11  8.2735e-13         1.0       85.17
   4677.213  3.8662e-11  8.2735e-13         1.0       85.14
   4679.208  3.9844e-11  8.2735e-13         1.0       85.10
   4681.203  3.8870e-11  8.2735e-13         1.0       85.06
   4683.197  3.9593e-11  8.2735e-13         1.0       85.03
   4685.192  4.0572e-11  8.2735e-13         1.0       84.99
   4687.186  4.2585e-11  8.2735e-13         1.0       84.96
   4689.181  3.9721e-11  8.2735e-13         1.0       84.92
   4691.176  3.9357e-11  8.2735e-13         1.0       84.88
   4693.170  4.0827e-11  8.2735e-13         1.0       84.85
   4695.165  3.8732e-11  8.2735e-13         1.0       84.81
   4697.159  4.0880e-11  8.2735e-13         1.0       84.77
   4699.154  3.9942e-11  8.2735e-13         1.0       84.74
   4701.149  3.7837e-11  8.2735e-13         1.0       84.70
   4703.143  3.8114e-11  8.2735e-13         1.0       84.66
   4705.138  3.7060e-11  8.2735e-13         1.0       84.63
   4707.132  3.6491e-11  8.2735e-13         1.0       84.59
   4709.127  3.8429e-11  8.2735e-13         1.0       84.55
   4711.121  3.8378e-11  8.2735e-13         1.0       84.52
   4713.116  3.9608e-11  8.2735e-13         1.0       84.48
   4715.110  3.7830e-11  8.2735e-13         1.0       84.45
   4717.105  4.0017e-11  8.2735e-13         1.0       84.41
   4719.099  3.9530e-11  8.2735e-13         1.0       84.37
   4721.094  4.0926e-11  8.2735e-13         1.0       84.34
   4723.088  4.0079e-11  8.2735e-13         1.0       84.30
   4725.083  4.0134e-11  8.2735e-13         1.0       84.27
   4727.077  4.0435e-11  8.2735e-13         1.0       84.23
   4729.072  3.8928e-11  8.2735e-13         1.0       84.19
   4731.066  3.7525e-11  8.2735e-13         1.0       84.16
   4733.061  3.6669e-11  8.2735e-13         1.0       84.12
   4735.055  3.8627e-11  8.2735e-13         1.0       84.09
   4737.050  3.7855e-11  8.2735e-13         1.0       84.05
   4739.044  3.9549e-11  8.2735e-13         1.0       84.01
   4741.039  4.0420e-11  8.2735e-13         1.0       83.98
   4743.033  4.1902e-11  8.2735e-13         1.0       83.94
   4745.028  4.0796e-11  8.2735e-13         1.0       83.91
   4747.022  3.9646e-11  8.2735e-13         1.0       83.87
   4749.016  4.0023e-11  8.2735e-13         1.0       83.84
   4751.011  4.0135e-11  8.2735e-13         1.0       83.80
   4753.005  3.9518e-11  8.2735e-13         1.0       83.77
   4755.000  3.8757e-11  8.2735e-13         1.0       83.73
   4756.994  3.8602e-11  8.2735e-13         1.0       83.69
   4758.989  3.6599e-11  8.2735e-13         1.0       83.66
   4760.983  4.1136e-11  8.2735e-13         1.0       83.62
   4762.977  3.7041e-11  8.2735e-13         1.0       83.59
   4764.972  3.7246e-11  8.2735e-13         1.0       83.55
   4766.966  3.7977e-11  8.2735e-13         1.0       83.52
   4768.960  3.7836e-11  8.2735e-13         1.0       83.48
   4770.955  3.8164e-11  8.2735e-13         1.0       83.45
   4772.949  3.9264e-11  8.2735e-13         1.0       83.41
   4774.944  3.8981e-11  8.2735e-13         1.0       83.38
   4776.938  3.8793e-11  8.2735e-13         1.0       83.34
   4778.932  4.0575e-11  8.2735e-13         1.0       83.31
   4780.927  3.8366e-11  8.2735e-13         1.0       83.27
   4782.921  3.7955e-11  8.2735e-13         1.0       83.24
   4784.915  3.7840e-11  8.2735e-13         1.0       83.20
   4786.910  3.6806e-11  8.2735e-13         1.0       83.17
   4788.904  3.7540e-11  8.2735e-13         1.0       83.13
   4790.898  3.8736e-11  8.2735e-13         1.0       83.09
   4792.892  3.7840e-11  8.2735e-13         1.0       83.06
   4794.887  3.8080e-11  8.2735e-13         1.0       83.03
   4796.881  3.8808e-11  8.2735e-13         1.0       82.99
   4798.875  3.9087e-11  8.2735e-13         1.0       82.96
   4800.870  3.8742e-11  8.2735e-13         1.0       82.92
   4802.864  3.8939e-11  8.2735e-13         1.0       82.89
   4804.858  3.9043e-11  8.2735e-13         1.0       82.85
   4806.852  3.7645e-11  8.2735e-13         1.0       82.82
   4808.847  3.6940e-11  8.2735e-13         1.0       82.78
   4810.841  3.7077e-11  8.2735e-13         1.0       82.75
   4812.835  3.9496e-11  8.2735e-13         1.0       82.71
   4814.829  3.8014e-11  8.2735e-13         1.0       82.68
   4816.824  3.8759e-11  8.2735e-13         1.0       82.64
   4818.818  3.7540e-11  8.2735e-13         1.0       82.61
   4820.812  4.0126e-11  8.2735e-13         1.0       82.57
   4822.806  3.7665e-11  8.2735e-13         1.0       82.54
   4824.800  3.7177e-11  8.2735e-13         1.0       82.50
   4826.795  3.6408e-11  8.2735e-13         1.0       82.47
   4828.789  3.9151e-11  8.2735e-13         1.0       82.44
   4830.783  3.7731e-11  8.2735e-13         1.0       82.40
   4832.777  3.6480e-11  8.2735e-13         1.0       82.37
   4834.771  3.6856e-11  8.2735e-13         1.0       82.33
   4836.765  3.5723e-11  8.2735e-13         1.0       82.30
   4838.760  3.6069e-11  8.2735e-13         1.0       82.26
   4840.754  3.4657e-11  8.2735e-13         1.0       82.23
   4842.748  3.4944e-11  8.2735e-13         1.0       82.19
   4844.742  3.5518e-11  8.2735e-13         1.0       82.16
   4846.736  3.5991e-11  8.2735e-13         1.0       82.13
   4848.730  3.6727e-11  8.2735e-13         1.0       82.09
   4850.724  3.6597e-11  8.2735e-13         1.0       82.06
   4852.719  3.5481e-11  8.2735e-13         1.0       82.02
   4854.713  3.3289e-11  8.2735e-13         1.0       81.99
   4856.707  3.2571e-11  8.2735e-13         1.0       81.96
   4858.701  3.0992e-11  8.2735e-13         1.0       81.92
   4860.695  3.0544e-11  8.2735e-13         1.0       81.89
   4862.689  2.9334e-11  8.2735e-13         1.0       81.85
   4864.683  2.8172e-11  8.2735e-13         1.0       81.82
   4866.677  2.9471e-11  8.2735e-13         1.0       81.79
   4868.671  3.2228e-11  8.2735e-13         1.0       81.75
   4870.665  3.2721e-11  8.2735e-13         1.0       81.72
   4872.659  3.3356e-11  8.2735e-13         1.0       81.68
   4874.653  3.3707e-11  8.2735e-13         1.0       81.65
   4876.648  3.3603e-11  8.2735e-13         1.0       81.62
   4878.642  3.5575e-11  8.2735e-13         1.0       81.58
   4880.636  3.4305e-11  8.2735e-13         1.0       81.55
   4882.630  3.5258e-11  8.2735e-13         1.0       81.52
   4884.624  3.4336e-11  8.2735e-13         1.0       81.48
   4886.618  3.2881e-11  8.2735e-13         1.0       81.45
   4888.612  3.4432e-11  8.2735e-13         1.0       81.41
   4890.606  3.4175e-11  8.2735e-13         1.0       81.38
   4892.600  3.5108e-11  8.2735e-13         1.0       81.35
   4894.594  3.5856e-11  8.2735e-13         1.0       81.31
   4896.588  3.7477e-11  8.2735e-13         1.0       81.28
   4898.582  3.6328e-11  8.2735e-13         1.0       81.25
   4900.576  3.7154e-11  8.2735e-13         1.0       81.21
   4902.569  3.6591e-11  8.2735e-13         1.0       81.18
   4904.563  3.6692e-11  8.2735e-13         1.0       81.15
   4906.557  3.6615e-11  8.2735e-13         1.0       81.11
   4908.551  3.6006e-11  8.2735e-13         1.0       81.08
   4910.545  3.5260e-11  8.2735e-13         1.0       81.05
   4912.539  3.6446e-11  8.2735e-13         1.0       81.01
   4914.533  3.5107e-11  8.2735e-13         1.0       80.98
   4916.527  3.5077e-11  8.2735e-13         1.0       80.95
   4918.521  3.5393e-11  8.2735e-13         1.0       80.91
   4920.515  3.4490e-11  8.2735e-13         1.0       80.88
   4922.509  3.3891e-11  8.2735e-13         1.0       80.85
   4924.544  3.4906e-11  8.2735e-13         1.0       80.81
   4926.538  3.3946e-11  8.2735e-13         1.0       80.78
   4928.532  3.5921e-11  8.2735e-13         1.0       80.75
   4930.526  3.6000e-11  8.2735e-13         1.0       80.71
   4932.519  3.6779e-11  8.2735e-13         1.0       80.68
   4934.513  3.6188e-11  8.2735e-13         1.0       80.65
   4936.507  3.5056e-11  8.2735e-13         1.0       80.61
   4938.501  3.5041e-11  8.2735e-13         1.0       80.58
   4940.495  3.4396e-11  8.2735e-13         1.0       80.55
   4942.489  3.4458e-11  8.2735e-13         1.0       80.52
   4944.483  3.5397e-11  8.2735e-13         1.0       80.48
   4946.476  3.7130e-11  8.2735e-13         1.0       80.45
   4948.470  3.7382e-11  8.2735e-13         1.0       80.42
   4950.464  3.7390e-11  8.2735e-13         1.0       80.38
   4952.458  3.7016e-11  8.2735e-13         1.0       80.35
   4954.452  3.5491e-11  8.2735e-13         1.0       80.32
   4956.445  3.4576e-11  8.2735e-13         1.0       80.29
   4958.439  3.4913e-11  8.2735e-13         1.0       80.25
   4960.433  3.6232e-11  8.2735e-13         1.0       80.22
   4962.427  3.6031e-11  8.2735e-13         1.0       80.19
   4964.421  3.5020e-11  8.2735e-13         1.0       80.16
   4966.414  3.5124e-11  8.2735e-13         1.0       80.12
   4968.408  3.4020e-11  8.2735e-13         1.0       80.09
   4970.402  3.4623e-11  8.2735e-13         1.0       80.06
   4972.396  3.5421e-11  8.2735e-13         1.0       80.02
   4974.389  3.5379e-11  8.2735e-13         1.0       79.99
   4976.383  3.5996e-11  8.2735e-13         1.0       79.96
   4978.377  3.6721e-11  8.2735e-13         1.0       79.93
   4980.370  3.5116e-11  8.2735e-13         1.0       79.90
   4982.364  3.2624e-11  8.2735e-13         1.0       79.86
   4984.358  3.3407e-11  8.2735e-13         1.0       79.83
   4986.352  3.4529e-11  8.2735e-13         1.0       79.80
   4988.345  3.5200e-11  8.2735e-13         1.0       79.77
   4990.339  3.4566e-11  8.2735e-13         1.0       79.73
   4992.333  3.5589e-11  8.2735e-13         1.0       79.70
   4994.326  3.5284e-11  8.2735e-13         1.0       79.67
   4996.320  3.6488e-11  8.2735e-13         1.0       79.64
   4998.314  3.5177e-11  8.2735e-13         1.0       79.60
   5000.307  3.5691e-11  8.2735e-13         1.0       79.57
   5002.301  3.4371e-11  8.2735e-13         1.0       79.54
   5004.294  3.2279e-11  8.2735e-13         1.0       79.51
   5006.288  3.3726e-11  8.2735e-13         1.0       79.48
   5008.282  3.3302e-11  8.2735e-13         1.0       79.44
   5010.275  3.2315e-11  8.2735e-13         1.0       79.41
   5012.269  3.4294e-11  8.2735e-13         1.0       79.38
   5014.263  3.3815e-11  8.2735e-13         1.0       79.35
   5016.256  3.3411e-11  8.2735e-13         1.0       79.32
   5018.250  3.1607e-11  8.2735e-13         1.0       79.28
   5020.243  3.1624e-11  8.2735e-13         1.0       79.25
   5022.237  3.3089e-11  8.2735e-13         1.0       79.22
   5024.230  3.5254e-11  8.2735e-13         1.0       79.19
   5026.224  3.5384e-11  8.2735e-13         1.0       79.16
   5028.218  3.6540e-11  8.2735e-13         1.0       79.12
   5030.211  3.3907e-11  8.2735e-13         1.0       79.09
   5032.205  3.5437e-11  8.2735e-13         1.0       79.06
   5034.198  3.5215e-11  8.2735e-13         1.0       79.03
   5036.192  3.5575e-11  8.2735e-13         1.0       79.00
   5038.185  3.4781e-11  8.2735e-13         1.0       78.97
   5040.179  3.2103e-11  8.2735e-13         1.0       78.93
   5042.172  3.2727e-11  8.2735e-13         1.0       78.90
   5044.166  3.3555e-11  8.2735e-13         1.0       78.87
   5046.159  3.5638e-11  8.2735e-13         1.0       78.84
   5048.153  3.4246e-11  8.2735e-13         1.0       78.81
   5050.146  3.3687e-11  8.2735e-13         1.0       78.78
   5052.140  3.6124e-11  8.2735e-13         1.0       78.75
   5054.133  3.5369e-11  8.2735e-13         1.0       78.71
   5056.127  3.6541e-11  8.2735e-13         1.0       78.68
   5058.120  3.7634e-11  8.2735e-13         1.0       78.65
   5060.114  3.7055e-11  8.2735e-13         1.0       78.62
   5062.107  3.6764e-11  8.2735e-13         1.0       78.59
   5064.100  3.7389e-11  8.2735e-13         1.0       78.56
   5066.094  3.5124e-11  8.2735e-13         1.0       78.53
   5068.087  3.5783e-11  8.2735e-13         1.0       78.49
   5070.081  3.5027e-11  8.2735e-13         1.0       78.46
   5072.074  3.5149e-11  8.2735e-13         1.0       78.43
   5074.068  3.6100e-11  8.2735e-13         1.0       78.40
   5076.061  3.4994e-11  8.2735e-13         1.0       78.37
   5078.054  3.5472e-11  8.2735e-13         1.0       78.34
   5080.048  3.4448e-11  8.2735e-13         1.0       78.31
   5082.041  3.3895e-11  8.2735e-13         1.0       78.28
   5084.035  3.4950e-11  8.2735e-13         1.0       78.24
   5086.028  3.5729e-11  8.2735e-13         1.0       78.21
   5088.021  3.6892e-11  8.2735e-13         1.0       78.18
   5090.015  3.7232e-11  8.2735e-13         1.0       78.15
   5092.008  3.6239e-11  8.2735e-13         1.0       78.12
   5094.001  3.6531e-11  8.2735e-13         1.0       78.09
   5095.995  3.7249e-11  8.2735e-13         1.0       78.06
   5097.988  3.6109e-11  8.2735e-13         1.0       78.03
   5099.981  3.5345e-11  8.2735e-13         1.0       78.00
   5101.975  3.4333e-11  8.2735e-13         1.0       77.97
   5103.968  3.6620e-11  8.2735e-13         1.0       77.93
   5105.961  3.6900e-11  8.2735e-13         1.0       77.90
   5107.954  3.4709e-11  8.2735e-13         1.0       77.87
   5109.948  3.4723e-11  8.2735e-13         1.0       77.84
   5111.941  3.5341e-11  8.2735e-13         1.0       77.81
   5113.934  3.3518e-11  8.2735e-13         1.0       77.78
   5115.928  3.4701e-11  8.2735e-13         1.0       77.75
   5117.921  3.6879e-11  8.2735e-13         1.0       77.72
   5119.914  3.5053e-11  8.2735e-13         1.0       77.69
   5121.907  3.5219e-11  8.2735e-13         1.0       77.66
   5123.900  3.5521e-11  8.2735e-13         1.0       77.63
   5125.894  3.5053e-11  8.2735e-13         1.0       77.60
   5127.887  3.4998e-11  8.2735e-13         1.0       77.57
   5129.880  3.5516e-11  8.2735e-13         1.0       77.54
   5131.873  3.4462e-11  8.2735e-13         1.0       77.51
   5133.867  3.3913e-11  8.2735e-13         1.0       77.47
   5135.860  3.5508e-11  8.2735e-13         1.0       77.44
   5137.853  3.5822e-11  8.2735e-13         1.0       77.41
   5139.846  3.5811e-11  8.2735e-13         1.0       77.38
   5141.839  3.5228e-11  8.2735e-13         1.0       77.35
   5143.832  3.2320e-11  8.2735e-13         1.0       77.32
   5145.826  3.5109e-11  8.2735e-13         1.0       77.29
   5147.819  3.5882e-11  8.2735e-13         1.0       77.26
   5149.812  3.4522e-11  8.2735e-13         1.0       77.23
   5151.805  3.3742e-11  8.2735e-13         1.0       77.20
   5153.798  3.4413e-11  8.2735e-13         1.0       77.17
   5155.791  3.5605e-11  8.2735e-13         1.0       77.14
   5157.784  3.6381e-11  8.2735e-13         1.0       77.11
   5159.778  3.5397e-11  8.2735e-13         1.0       77.08
   5161.771  3.6505e-11  8.2735e-13         1.0       77.05
   5163.764  3.3821e-11  8.2735e-13         1.0       77.02
   5165.757  3.1794e-11  8.2735e-13         1.0       76.99
   5167.750  3.0020e-11  8.2735e-13         1.0       76.96
   5169.743  2.9126e-11  8.2735e-13         1.0       76.93
   5171.736  2.8255e-11  8.2735e-13         1.0       76.90
   5173.729  2.8379e-11  8.2735e-13         1.0       76.87
   5175.722  3.0521e-11  8.2735e-13         1.0       76.84
   5177.715  3.1558e-11  8.2735e-13         1.0       76.81
   5179.708  3.2364e-11  8.2735e-13         1.0       76.78
   5181.701  3.0297e-11  8.2735e-13         1.0       76.75
   5183.694  3.0958e-11  8.2735e-13         1.0       76.72
   5185.687  2.9274e-11  8.2735e-13         1.0       76.69
   5187.680  3.2650e-11  8.2735e-13         1.0       76.66
   5189.673  3.3140e-11  8.2735e-13         1.0       76.63
   5191.666  3.4240e-11  8.2735e-13         1.0       76.60
   5193.659  3.3715e-11  8.2735e-13         1.0       76.57
   5195.652  3.4623e-11  8.2735e-13         1.0       76.54
   5197.645  3.4256e-11  8.2735e-13         1.0       76.51
   5199.638  3.5673e-11  8.2735e-13         1.0       76.48
   5201.631  3.5465e-11  8.2735e-13         1.0       76.45
   5203.624  3.3676e-11  8.2735e-13         1.0       76.42
   5205.617  3.4297e-11  8.2735e-13         1.0       76.39
   5207.610  3.2241e-11  8.2735e-13         1.0       76.36
   5209.603  3.1730e-11  8.2735e-13         1.0       76.33
   5211.596  3.3574e-11  8.2735e-13         1.0       76.30
   5213.589  3.4548e-11  8.2735e-13         1.0       76.27
   5215.582  3.6370e-11  8.2735e-13         1.0       76.24
   5217.575  3.4903e-11  8.2735e-13         1.0       76.21
   5219.568  3.5884e-11  8.2735e-13         1.0       76.18
   5221.560  3.5899e-11  8.2735e-13         1.0       76.15
   5223.553  3.6745e-11  8.2735e-13         1.0       76.13
   5225.546  3.5718e-11  8.2735e-13         1.0       76.10
   5227.539  3.4457e-11  8.2735e-13         1.0       76.07
   5229.532  3.4522e-11  8.2735e-13         1.0       76.04
   5231.525  3.4645e-11  8.2735e-13         1.0       76.01
   5233.518  3.5593e-11  8.2735e-13         1.0       75.98
   5235.511  3.7555e-11  8.2735e-13         1.0       75.95
   5237.503  3.5282e-11  8.2735e-13         1.0       75.92
   5239.496  3.8700e-11  8.2735e-13         1.0       75.89
   5241.489  3.7841e-11  8.2735e-13         1.0       75.86
   5243.482  3.7383e-11  8.2735e-13         1.0       75.83
   5245.475  3.6869e-11  8.2735e-13         1.0       75.80
   5247.467  3.4023e-11  8.2735e-13         1.0       75.77
   5249.460  3.6447e-11  8.2735e-13         1.0       75.74
   5251.453  3.5787e-11  8.2735e-13         1.0       75.71
   5253.446  3.6311e-11  8.2735e-13         1.0       75.69
   5255.439  3.6340e-11  8.2735e-13         1.0       75.66
   5257.431  3.7564e-11  8.2735e-13         1.0       75.63
   5259.424  3.6859e-11  8.2735e-13         1.0       75.60
   5261.417  3.5582e-11  8.2735e-13         1.0       75.57
   5263.410  3.4578e-11  8.2735e-13         1.0       75.54
   5265.402  3.2889e-11  8.2735e-13         1.0       75.51
   5267.395  3.3902e-11  8.2735e-13         1.0       75.48
   5269.388  3.2103e-11  8.2735e-13         1.0       75.45
   5271.381  3.2025e-11  8.2735e-13         1.0       75.42
   5273.373  3.5610e-11  8.2735e-13         1.0       75.40
   5275.366  3.3770e-11  8.2735e-13         1.0       75.37
   5277.359  3.5225e-11  8.2735e-13         1.0       75.34
   5279.351  3.6696e-11  8.2735e-13         1.0       75.31
   5281.344  3.5414e-11  8.2735e-13         1.0       75.28
   5283.337  3.7022e-11  8.2735e-13         1.0       75.25
   5285.329  3.6175e-11  8.2735e-13         1.0       75.22
   5287.322  3.6445e-11  8.2735e-13         1.0       75.19
   5289.315  3.7672e-11  8.2735e-13         1.0       75.16
   5291.307  3.8764e-11  8.2735e-13         1.0       75.14
   5293.300  3.9564e-11  8.2735e-13         1.0       75.11
   5295.293  3.7549e-11  8.2735e-13         1.0       75.08
   5297.285  3.7140e-11  8.2735e-13         1.0       75.05
   5299.278  3.5439e-11  8.2735e-13         1.0       75.02
   5301.270  3.5599e-11  8.2735e-13         1.0       74.99
   5303.263  3.8574e-11  8.2735e-13         1.0       74.96
   5305.256  3.7341e-11  8.2735e-13         1.0       74.94
   5307.248  3.7342e-11  8.2735e-13         1.0       74.91
   5309.241  3.7764e-11  8.2735e-13         1.0       74.88
   5311.233  3.7465e-11  8.2735e-13         1.0       74.85
   5313.226  3.7198e-11  8.2735e-13         1.0       74.82
   5315.218  3.8510e-11  8.2735e-13         1.0       74.79
   5317.211  3.8171e-11  8.2735e-13         1.0       74.76
   5319.203  3.7797e-11  8.2735e-13         1.0       74.74
   5321.196  3.7396e-11  8.2735e-13         1.0       74.71
   5323.189  3.7526e-11  8.2735e-13         1.0       74.68
   5325.181  3.7490e-11  8.2735e-13         1.0       74.65
   5327.174  3.3631e-11  8.2735e-13         1.0       74.62
   5329.166  3.5320e-11  8.2735e-13         1.0       74.59
   5331.159  3.3234e-11  8.2735e-13         1.0       74.57
   5333.151  3.6415e-11  8.2735e-13         1.0       74.54
   5335.144  3.7075e-11  8.2735e-13         1.0       74.51
   5337.136  3.6514e-11  8.2735e-13         1.0       74.48
   5339.128  3.7439e-11  8.2735e-13         1.0       74.45
   5341.121  3.5394e-11  8.2735e-13         1.0       74.42
   5343.113  3.5663e-11  8.2735e-13         1.0       74.40
   5345.106  3.6021e-11  8.2735e-13         1.0       74.37
   5347.098  3.6307e-11  8.2735e-13         1.0       74.34
   5349.091  3.5388e-11  8.2735e-13         1.0       74.31
   5351.083  3.6810e-11  8.2735e-13         1.0       74.28
   5353.076  3.8630e-11  8.2735e-13         1.0       74.26
   5355.068  3.9094e-11  8.2735e-13         1.0       74.23
   5357.060  3.9638e-11  8.2735e-13         1.0       74.20
   5359.053  3.8731e-11  8.2735e-13         1.0       74.17
   5361.045  3.8985e-11  8.2735e-13         1.0       74.14
   5363.037  3.8401e-11  8.2735e-13         1.0       74.12
   5365.030  3.7781e-11  8.2735e-13         1.0       74.09
   5367.022  3.6761e-11  8.2735e-13         1.0       74.06
   5369.015  3.7577e-11  8.2735e-13         1.0       74.03
   5371.007  3.5619e-11  8.2735e-13         1.0       74.00
   5372.999  3.6971e-11  8.2735e-13         1.0       73.98
   5374.992  3.6415e-11  8.2735e-13         1.0       73.95
   5376.984  3.5900e-11  8.2735e-13         1.0       73.92
   5378.976  3.7183e-11  8.2735e-13         1.0       73.89
   5380.969  3.7688e-11  8.2735e-13         1.0       73.87
   5382.961  3.7517e-11  8.2735e-13         1.0       73.84
   5384.953  3.9675e-11  8.2735e-13         1.0       73.81
   5386.945  3.7821e-11  8.2735e-13         1.0       73.78
   5388.938  3.7642e-11  8.2735e-13         1.0       73.75
   5390.930  3.6503e-11  8.2735e-13         1.0       73.73
   5392.922  3.6378e-11  8.2735e-13         1.0       73.70
   5394.915  3.6823e-11  8.2735e-13         1.0       73.67
   5396.907  3.5823e-11  8.2735e-13         1.0       73.64
   5398.899  3.5793e-11  8.2735e-13         1.0       73.62
   5400.891  3.6175e-11  8.2735e-13         1.0       73.59
   5402.883  3.5153e-11  8.2735e-13         1.0       73.56
   5404.876  3.5643e-11  8.2735e-13         1.0       73.53
   5406.868  3.4417e-11  8.2735e-13         1.0       73.51
   5408.860  3.3978e-11  8.2735e-13         1.0       73.48
   5410.852  3.5503e-11  8.2735e-13         1.0       73.45
   5412.844  3.5226e-11  8.2735e-13         1.0       73.42
   5414.837  3.7136e-11  8.2735e-13         1.0       73.40
   5416.829  3.7626e-11  8.2735e-13         1.0       73.37
   5418.821  3.7555e-11  8.2735e-13         1.0       73.34
   5420.813  3.9136e-11  8.2735e-13         1.0       73.31
   5422.805  3.6893e-11  8.2735e-13         1.0       73.29
   5424.797  3.7411e-11  8.2735e-13         1.0       73.26
   5426.790  3.5838e-11  8.2735e-13         1.0       73.23
   5428.782  3.7696e-11  8.2735e-13         1.0       73.20
   5430.774  3.5157e-11  8.2735e-13         1.0       73.18
   5432.766  3.7408e-11  8.2735e-13         1.0       73.15
   5434.758  3.5891e-11  8.2735e-13         1.0       73.12
   5436.750  3.6094e-11  8.2735e-13         1.0       73.10
   5438.742  3.6555e-11  8.2735e-13         1.0       73.07
   5440.734  3.7657e-11  8.2735e-13         1.0       73.04
   5442.726  3.6997e-11  8.2735e-13         1.0       73.01
   5444.718  3.8408e-11  8.2735e-13         1.0       72.99
   5446.711  3.8069e-11  8.2735e-13         1.0       72.96
   5448.703  3.6422e-11  8.2735e-13         1.0       72.93
   5450.695  3.6414e-11  8.2735e-13         1.0       72.91
   5452.687  3.6840e-11  8.2735e-13         1.0       72.88
   5454.679  3.6082e-11  8.2735e-13         1.0       72.85
   5456.671  3.7413e-11  8.2735e-13         1.0       72.82
   5458.663  3.7850e-11  8.2735e-13         1.0       72.80
   5460.655  3.5803e-11  8.2735e-13         1.0       72.77
   5462.647  3.7544e-11  8.2735e-13         1.0       72.74
   5464.639  3.6405e-11  8.2735e-13         1.0       72.72
   5466.631  3.6873e-11  8.2735e-13         1.0       72.69
   5468.623  3.6322e-11  8.2735e-13         1.0       72.66
   5470.615  3.6471e-11  8.2735e-13         1.0       72.64
   5472.607  3.5994e-11  8.2735e-13         1.0       72.61
   5474.599  3.6980e-11  8.2735e-13         1.0       72.58
   5476.591  3.5692e-11  8.2735e-13         1.0       72.55
   5478.582  3.4723e-11  8.2735e-13         1.0       72.53
   5480.574  3.3760e-11  8.2735e-13         1.0       72.50
   5482.566  3.5750e-11  8.2735e-13         1.0       72.47
   5484.558  3.5046e-11  8.2735e-13         1.0       72.45
   5486.550  3.6189e-11  8.2735e-13         1.0       72.42
   5488.542  3.5924e-11  8.2735e-13         1.0       72.39
   5490.534  3.5530e-11  8.2735e-13         1.0       72.37
   5492.526  3.6436e-11  8.2735e-13         1.0       72.34
   5494.518  3.7857e-11  8.2735e-13         1.0       72.31
   5496.510  3.7284e-11  8.2735e-13         1.0       72.29
   5498.501  3.6764e-11  8.2735e-13         1.0       72.26
   5500.493  3.7049e-11  8.2735e-13         1.0       72.23
   5502.485  3.7345e-11  8.2735e-13         1.0       72.21
   5504.477  3.6123e-11  8.2735e-13         1.0       72.18
   5506.469  3.5328e-11  8.2735e-13         1.0       72.15
   5508.461  3.5797e-11  8.2735e-13         1.0       72.13
   5510.452  3.5969e-11  8.2735e-13         1.0       72.10
   5512.444  3.4183e-11  8.2735e-13         1.0       72.08
   5514.436  3.4476e-11  8.2735e-13         1.0       72.05
   5516.428  3.6294e-11  8.2735e-13         1.0       72.02
   5518.420  3.5911e-11  8.2735e-13         1.0       72.00
   5520.411  3.7135e-11  8.2735e-13         1.0       71.97
   5522.403  3.7627e-11  8.2735e-13         1.0       71.94
   5524.395  3.6283e-11  8.2735e-13         1.0       71.92
   5526.387  3.6798e-11  8.2735e-13         1.0       71.89
   5528.378  3.5719e-11  8.2735e-13         1.0       71.86
   5530.370  3.5225e-11  8.2735e-13         1.0       71.84
   5532.362  3.6799e-11  8.2735e-13         1.0       71.81
   5534.354  3.7959e-11  8.2735e-13         1.0       71.78
   5536.345  3.6839e-11  8.2735e-13         1.0       71.76
   5538.337  3.6482e-11  8.2735e-13         1.0       71.73
   5540.329  3.5592e-11  8.2735e-13         1.0       71.71
   5542.320  3.7716e-11  8.2735e-13         1.0       71.68
   5544.312  3.7984e-11  8.2735e-13         1.0       71.65
   5546.304  3.7920e-11  8.2735e-13         1.0       71.63
   5548.295  3.6814e-11  8.2735e-13         1.0       71.60
   5550.287  3.7021e-11  8.2735e-13         1.0       71.58
   5552.279  3.7300e-11  8.2735e-13         1.0       71.55
   5554.270  3.6245e-11  8.2735e-13         1.0       71.52
   5556.262  3.7019e-11  8.2735e-13         1.0       71.50
   5558.254  3.5246e-11  8.2735e-13         1.0       71.47
   5560.245  3.5154e-11  8.2735e-13         1.0       71.44
   5562.237  3.7498e-11  8.2735e-13         1.0       71.42
   5564.228  3.6343e-11  8.2735e-13         1.0       71.39
   5566.220  3.6814e-11  8.2735e-13         1.0       71.37
   5568.212  3.6508e-11  8.2735e-13         1.0       71.34
   5570.203  3.6492e-11  8.2735e-13         1.0       71.32
   5572.195  3.6165e-11  8.2735e-13         1.0       71.29
   5574.186  3.7397e-11  8.2735e-13         1.0       71.26
   5576.178  3.5509e-11  8.2735e-13         1.0       71.24
   5578.169  3.7776e-11  8.2735e-13         1.0       71.21
   5580.161  3.6956e-11  8.2735e-13         1.0       71.19
   5582.153  3.6470e-11  8.2735e-13         1.0       71.16
   5584.144  3.6154e-11  8.2735e-13         1.0       71.13
   5586.136  3.6873e-11  8.2735e-13         1.0       71.11
   5588.127  3.5901e-11  8.2735e-13         1.0       71.08
   5590.119  3.4417e-11  8.2735e-13         1.0       71.06
   5592.110  3.5742e-11  8.2735e-13         1.0       71.03
   5594.102  3.5157e-11  8.2735e-13         1.0       71.01
   5596.093  3.5686e-11  8.2735e-13         1.0       70.98
   5598.079  3.5732e-11  8.2735e-13         1.0       70.95
